   #FPRO  FPROA   GMAX  CTEMP  X NUCLEUS  FSON      XEQ    XEQ50   FTO      XTO     VOLF    X44      XTO400       SHEART     DIFFT    Bs Ms
  -1824. -2353. -2843.  200.  0.92E-07  -2816.   0.1945   0.1840  -935.  0.0770   0.7738 0.524E-01  0.0607  3   0.29E+05   0.36E+24 307 84
  -1793. -2318. -2799.  205.  0.11E-06  -2779.   0.1931   0.1825  -910.  0.0769   0.7722 0.517E-01  0.0605  2   0.20E+05   0.94E+23 307 84
  -1762. -2282. -2764.  210.  0.14E-06  -2742.   0.1917   0.1809  -884.  0.0761   0.7705 0.512E-01  0.0599  3   0.14E+05   0.25E+23 307 84
  -1730. -2246. -2728.  215.  0.17E-06  -2705.   0.1903   0.1794  -859.  0.0752   0.7687 0.506E-01  0.0592  3   0.98E+04   0.70E+22 307 84
  -1699. -2211. -2689.  220.  0.21E-06  -2669.   0.1889   0.1778  -834.  0.0743   0.7670 0.500E-01  0.0586  3   0.70E+04   0.20E+22 307 84
  -1668. -2176. -2653.  225.  0.25E-06  -2632.   0.1875   0.1763  -809.  0.0734   0.7652 0.494E-01  0.0579  3   0.51E+04   0.60E+21 307 84
  -1637. -2140. -2616.  230.  0.31E-06  -2595.   0.1860   0.1747  -784.  0.0725   0.7634 0.489E-01  0.0571  3   0.37E+04   0.18E+21 307 84
  -1606. -2105. -2579.  235.  0.37E-06  -2558.   0.1846   0.1731  -759.  0.0717   0.7615 0.483E-01  0.0562  4   0.27E+04   0.56E+20 307 84
  -1576. -2070. -2545.  240.  0.44E-06  -2521.   0.1831   0.1715  -734.  0.0708   0.7596 0.477E-01  0.0556  3   0.20E+04   0.18E+20 307 84
  -1545. -2035. -2505.  245.  0.53E-06  -2484.   0.1817   0.1699  -709.  0.0699   0.7577 0.471E-01  0.0546  4   0.15E+04   0.59E+19 307 84
  -1515. -2000. -2468.  250.  0.63E-06  -2447.   0.1802   0.1683  -684.  0.0686   0.7557 0.465E-01  0.0539  3   0.12E+04   0.20E+19 307 84
  -1484. -1965. -2439.  255.  0.74E-06  -2410.   0.1788   0.1667  -659.  0.0681   0.7537 0.460E-01  0.0530  4   0.88E+03   0.68E+18 307 84
  -1454. -1931. -2394.  260.  0.88E-06  -2374.   0.1773   0.1651  -634.  0.0675   0.7517 0.453E-01  0.0523  3   0.70E+03   0.24E+18 307 84
  -1424. -1896. -2359.  265.  0.10E-05  -2337.   0.1758   0.1634  -609.  0.0669   0.7496 0.000E+00  0.0513  4   0.54E+03   0.88E+17 307 84
  -1394. -1861. -2320.  270.  0.12E-05  -2300.   0.1743   0.1618  -584.  0.0660   0.7474 0.000E+00  0.0506  3   0.43E+03   0.33E+17 307 84
  -1364. -1827. -2292.  275.  0.14E-05  -2263.   0.1728   0.1601  -560.  0.0652   0.7452 0.000E+00  0.0497  4   0.34E+03   0.12E+17 307 84
  -1335. -1792. -2246.  280.  0.17E-05  -2226.   0.1713   0.1584  -535.  0.0644   0.7430 0.000E+00  0.0490  3   0.28E+03   0.48E+16 307 84
  -1305. -1758. -2211.  285.  0.20E-05  -2189.   0.1698   0.1567  -510.  0.0636   0.7407 0.000E+00  0.0482  3   0.22E+03   0.19E+16 307 84
  -1276. -1724. -2172.  290.  0.23E-05  -2153.   0.1683   0.1550  -486.  0.0627   0.7383 0.000E+00  0.0474  3   0.18E+03   0.77E+15 307 84
  -1246. -1690. -2135.  295.  0.26E-05  -2116.   0.1667   0.1533  -461.  0.0618   0.7359 0.000E+00  0.0467  3   0.15E+03   0.32E+15 307 84
  -1217. -1656. -2098.  300.  0.31E-05  -2079.   0.1652   0.1516  -436.  0.0608   0.7335 0.000E+00  0.0459  3   0.12E+03   0.13E+15 307 84
  -1188. -1622. -2062.  305.  0.35E-05  -2042.   0.1636   0.1498  -412.  0.0599   0.7309 0.000E+00  0.0451  3   0.10E+03   0.56E+14 307 84
  -1159. -1588. -2024.  310.  0.41E-05  -2005.   0.1621   0.1480  -387.  0.0589   0.7283 0.000E+00  0.0444  3   0.88E+02   0.25E+14 307 84
  -1130. -1554. -1987.  315.  0.47E-05  -1969.   0.1605   0.1463  -363.  0.0579   0.7256 0.000E+00  0.0436  3   0.74E+02   0.11E+14 307 84
  -1102. -1521. -1950.  320.  0.53E-05  -1932.   0.1589   0.1445  -338.  0.0569   0.7229 0.000E+00  0.0429  3   0.64E+02   0.49E+13 307 84
  -1073. -1487. -1914.  325.  0.61E-05  -1895.   0.1573   0.1427  -314.  0.0559   0.7201 0.000E+00  0.0422  3   0.55E+02   0.23E+13 307 84
  -1045. -1454. -1876.  330.  0.70E-05  -1858.   0.1557   0.1408  -290.  0.0550   0.7172 0.000E+00  0.0414  3   0.48E+02   0.11E+13 307 84
  -1017. -1421. -1848.  335.  0.79E-05  -1821.   0.1540   0.1390  -265.  0.0540   0.7142 0.000E+00  0.0407  3   0.41E+02   0.49E+12 307 84
   -989. -1387. -1802.  340.  0.90E-05  -1785.   0.1524   0.1371  -241.  0.0531   0.7111 0.000E+00  0.0400  3   0.37E+02   0.24E+12 307 84
   -961. -1354. -1766.  345.  0.10E-04  -1748.   0.1507   0.1352  -217.  0.0522   0.7080 0.000E+00  0.0392  3   0.32E+02   0.12E+12 307 84
   -933. -1321. -1728.  350.  0.12E-04  -1711.   0.1491   0.1334  -192.  0.0513   0.7047 0.000E+00  0.0385  3   0.29E+02   0.59E+11 307 84
   -906. -1289. -1700.  355.  0.13E-04  -1675.   0.1474   0.1314  -168.  0.0504   0.7014 0.000E+00  0.0377  3   0.25E+02   0.29E+11 307 84
   -878. -1256. -1654.  360.  0.15E-04  -1638.   0.1457   0.1295  -144.  0.0495   0.6979 0.000E+00  0.0370  3   0.24E+02   0.15E+11 307 84
   -851. -1223. -1618.  365.  0.16E-04  -1601.   0.1440   0.1275  -119.  0.0488   0.6943 0.000E+00  0.0362  3   0.22E+02   0.80E+10 307 84
   -824. -1191. -1581.  370.  0.18E-04  -1564.   0.1422   0.1256   -95.  0.0479   0.6906 0.000E+00  0.0355  3   0.20E+02   0.43E+10 307 84
   -797. -1158. -1544.  375.  0.21E-04  -1528.   0.1405   0.1235   -71.  0.0472   0.6868 0.000E+00  0.0347  3   0.18E+02   0.23E+10 307 84
   -771. -1126. -1507.  380.  0.23E-04  -1491.   0.1387   0.1215   -47.  0.0462   0.6828 0.000E+00  0.0339  3   0.17E+02   0.12E+10 307 84
   -748. -1099. -1477.  385.  0.26E-04  -1460.   0.1372   0.1198   -28.  0.0457   0.6793 0.000E+00  0.0332  3   0.16E+02   0.68E+09 307 84
   -727. -1073. -1446.  390.  0.29E-04  -1431.   0.1357   0.1181   -11.  0.0451   0.6758 0.000E+00  0.0326  3   0.14E+02   0.37E+09 307 84
   -706. -1048. -1417.  395.  0.32E-04  -1402.   0.1342   0.1163     6.  0.0446   0.6722 0.000E+00  0.0320  3   0.13E+02   0.21E+09 307 84
   -685. -1022. -1388.  400.  0.35E-04  -1372.   0.1327   0.1146     0.  0.0440   0.6685 0.000E+00  0.0315  3   0.12E+02   0.12E+09 307 84
   -664.  -997. -1364.  405.  0.39E-04  -1343.   0.1312   0.1129     0.  0.0434   0.6646 0.000E+00  0.0309  3   0.11E+02   0.65E+08 307 84
   -643.  -971. -1329.  410.  0.43E-04  -1314.   0.1297   0.1111     0.  0.0428   0.6607 0.000E+00  0.0303  3   0.11E+02   0.38E+08 307 84
   -622.  -946. -1299.  415.  0.48E-04  -1284.   0.1281   0.1093     0.  0.0422   0.6567 0.000E+00  0.0298  3   0.10E+02   0.23E+08 307 84
   -602.  -921. -1270.  420.  0.53E-04  -1255.   0.1266   0.1075     0.  0.0417   0.6525 0.000E+00  0.0292  3   0.99E+01   0.13E+08 307 84
   -582.  -896. -1240.  425.  0.58E-04  -1226.   0.1250   0.1057     0.  0.0411   0.6482 0.000E+00  0.0287  3   0.95E+01   0.80E+07 307 84
   -562.  -871. -1215.  430.  0.64E-04  -1197.   0.1235   0.1039     0.  0.0404   0.6437 0.000E+00  0.0281  3   0.91E+01   0.48E+07 307 84
   -542.  -846. -1182.  435.  0.70E-04  -1168.   0.1219   0.1020     0.  0.0398   0.6391 0.000E+00  0.0276  3   0.89E+01   0.30E+07 307 84
   -522.  -822. -1152.  440.  0.77E-04  -1138.   0.1203   0.1002     0.  0.0392   0.6343 0.000E+00  0.0270  3   0.87E+01   0.18E+07 307 84
   -503.  -797. -1130.  445.  0.84E-04  -1109.   0.1187   0.0983     0.  0.0386   0.6294 0.000E+00  0.0265  3   0.83E+01   0.11E+07 307 84
   -483.  -773. -1095.  450.  0.92E-04  -1080.   0.1171   0.0964     0.  0.0379   0.6243 0.000E+00  0.0259  3   0.84E+01   0.73E+06 307 84
   -464.  -748. -1064.  455.  0.10E-03  -1051.   0.1154   0.0945     0.  0.0373   0.6190 0.000E+00  0.0253  3   0.85E+01   0.47E+06 307 84
   -445.  -724. -1035.  460.  0.11E-03  -1022.   0.1138   0.0926     0.  0.0366   0.6135 0.000E+00  0.0248  3   0.85E+01   0.31E+06 307 84
   -426.  -700. -1005.  465.  0.12E-03   -992.   0.1122   0.0906     0.  0.0360   0.6078 0.000E+00  0.0243  3   0.86E+01   0.20E+06 307 84
   -408.  -676.  -983.  470.  0.13E-03   -963.   0.1105   0.0886     0.  0.0353   0.6019 0.000E+00  0.0238  3   0.84E+01   0.13E+06 307 84
   -389.  -652.  -949.  475.  0.14E-03   -934.   0.1088   0.0866     0.  0.0346   0.5957 0.000E+00  0.0232  3   0.88E+01   0.90E+05 307 84
   -371.  -629.  -918.  480.  0.15E-03   -905.   0.1071   0.0846     0.  0.0340   0.5893 0.000E+00  0.0227  3   0.92E+01   0.61E+05 307 84
   -353.  -605.  -888.  485.  0.17E-03   -876.   0.1054   0.0826     0.  0.0334   0.5826 0.000E+00  0.0222  3   0.96E+01   0.42E+05 307 84
   -335.  -582.  -861.  490.  0.18E-03   -846.   0.1037   0.0805     0.  0.0328   0.5757 0.000E+00  0.0216  3   0.99E+01   0.29E+05 307 84
   -318.  -559.  -833.  495.  0.20E-03   -817.   0.1019   0.0784     0.  0.0322   0.5684 0.000E+00  0.0210  3   0.10E+02   0.20E+05 307 84
   -301.  -536.  -800.  500.  0.21E-03   -788.   0.1002   0.0763     0.  0.0316   0.5608 0.000E+00  0.0205  3   0.11E+02   0.15E+05 307 84
   -284.  -513.  -771.  505.  0.23E-03   -759.   0.0984   0.0742     0.  0.0310   0.5529 0.000E+00  0.0199  3   0.12E+02   0.11E+05 307 84
   -267.  -490.  -742.  510.  0.25E-03   -730.   0.0966   0.0720     0.  0.0304   0.5446 0.000E+00  0.0193  3   0.13E+02   0.78E+04 307 84
   -251.  -467.  -715.  515.  0.27E-03   -701.   0.0948   0.0698     0.  0.0298   0.5359 0.000E+00  0.0187  3   0.14E+02   0.57E+04 307 84
   -235.  -445.  -689.  520.  0.29E-03   -672.   0.0930   0.0676     0.  0.0292   0.5268 0.000E+00  0.0181  3   0.15E+02   0.42E+04 307 84
   -219.  -423.  -653.  525.  0.31E-03   -642.   0.0912   0.0653     0.  0.0285   0.5171 0.000E+00  0.0175  3   0.18E+02   0.33E+04 307 84
   -203.  -401.  -624.  530.  0.33E-03   -613.   0.0893   0.0630     0.  0.0279   0.5070 0.000E+00  0.0169  3   0.20E+02   0.26E+04 307 84
   -188.  -379.  -595.  535.  0.36E-03   -584.   0.0874   0.0607     0.  0.0274   0.4964 0.000E+00  0.0162  3   0.23E+02   0.20E+04 307 84
   -173.  -357.  -566.  540.  0.38E-03   -555.   0.0855   0.0583     0.  0.0268   0.4852 0.000E+00  0.0156  3   0.27E+02   0.16E+04 307 84
   -159.  -336.  -537.  545.  0.41E-03   -526.   0.0836   0.0559     0.  0.0262   0.4733 0.000E+00  0.0149  3   0.32E+02   0.13E+04 307 84
   -145.  -315.  -508.  550.  0.44E-03   -497.   0.0817   0.0535     0.  0.0257   0.4607 0.000E+00  0.0143  3   0.39E+02   0.11E+04 307 84
   -131.  -294.  -479.  555.  0.47E-03   -468.   0.0797   0.0510     0.  0.0251   0.4474 0.000E+00  0.0136  3   0.47E+02   0.90E+03 307 84
   -118.  -273.  -450.  560.  0.50E-03   -439.   0.0778   0.0485     0.  0.0245   0.4332 0.000E+00  0.0129  3   0.59E+02   0.77E+03 307 84
   -106.  -253.  -421.  565.  0.54E-03   -410.   0.0758   0.0460     0.  0.0239   0.4181 0.000E+00  0.0123  3   0.74E+02   0.67E+03 307 84
    -93.  -232.  -393.  570.  0.57E-03   -381.   0.0737   0.0434     0.  0.0233   0.4020 0.000E+00  0.0116  3   0.96E+02   0.60E+03 307 84
    -82.  -212.  -365.  575.  0.61E-03   -352.   0.0717   0.0408     0.  0.0226   0.3847 0.000E+00  0.0109  3   0.13E+03   0.54E+03 307 84
    -71.  -193.  -337.  580.  0.65E-03   -323.   0.0696   0.0381     0.  0.0220   0.3662 0.000E+00  0.0101  3   0.17E+03   0.51E+03 307 84
    -60.  -174.  -310.  585.  0.69E-03   -294.   0.0675   0.0354     0.  0.0214   0.3463 0.000E+00  0.0094  3   0.25E+03   0.49E+03 307 84
    -50.  -155.  -283.  590.  0.74E-03   -265.   0.0654   0.0326     0.  0.0207   0.3249 0.000E+00  0.0087  3   0.36E+03   0.48E+03 307 84
    -41.  -136.  -245.  595.  0.78E-03   -236.   0.0633   0.0297     0.  0.0201   0.3016 0.000E+00  0.0079  3   0.67E+03   0.59E+03 307 84
    -32.  -118.  -216.  600.  0.83E-03   -207.   0.0611   0.0268     0.  0.0194   0.2765 0.000E+00  0.0072  3   0.12E+04   0.68E+03 307 84
    -25.  -100.  -187.  605.  0.88E-03   -178.   0.0589   0.0239     0.  0.0187   0.2490 0.000E+00  0.0064  3   0.22E+04   0.84E+03 307 84
    -18.   -82.  -158.  610.  0.94E-03   -149.   0.0566   0.0209     0.  0.0180   0.2189 0.000E+00  0.0056  3   0.47E+04   0.12E+04 307 84
    -12.   -65.  -130.  615.  0.10E-02   -121.   0.0544   0.0178     0.  0.0173   0.1859 0.000E+00  0.0048  3   0.12E+05   0.18E+04 307 84
     -7.   -49.  -101.  620.  0.11E-02    -92.   0.0521   0.0146     0.  0.0166   0.1494 0.000E+00  0.0038  4   0.40E+05   0.35E+04 307 84
    -20.   -88.  -172.  625.  0.11E-02   -160.   0.0572   0.0223     0.  0.0184   0.2272 0.000E+00  0.0057  4   0.25E+04   0.30E+03 307 84
    -15.   -75.  -148.  630.  0.12E-02   -137.   0.0555   0.0200     0.  0.0184   0.2028 0.000E+00  0.0056  2   0.50E+04   0.39E+03 307 84
    -11.   -61.  -125.  635.  0.12E-02   -114.   0.0537   0.0176     0.  0.0178   0.1750 0.000E+00  0.0050  3   0.11E+05   0.55E+03 307 84
     -7.   -48.  -102.  640.  0.13E-02    -91.   0.0519   0.0152     0.  0.0173   0.1459 0.000E+00  0.0043  3   0.28E+05   0.89E+03 307 84
     -4.   -36.   -80.  645.  0.14E-02    -69.   0.0501   0.0128     0.  0.0168   0.1153 0.000E+00  0.0037  3   0.89E+05   0.17E+04 307 84
     307 84
