   #FPRO  FPROA   GMAX  CTEMP  X NUCLEUS  FSON      XEQ    XEQ50   FTO      XTO     VOLF    X44      XTO400       SHEART     DIFFT   
  -2138. -2600. -3034.  200.  0.62E-07  -3010.   0.1978   0.1877 -1402.  0.0838   0.8207 0.570E-01  0.0652  6   0.21E+05   0.27E+24
  -2105. -2564. -3005.  205.  0.77E-07  -2973.   0.1964   0.1863 -1375.  0.0839   0.8194 0.564E-01  0.0651  2   0.14E+05   0.71E+23
  -2073. -2529. -2968.  210.  0.94E-07  -2937.   0.1951   0.1848 -1349.  0.0835   0.8181 0.559E-01  0.0640  5   0.97E+04   0.19E+23
  -2040. -2493. -2928.  215.  0.12E-06  -2900.   0.1937   0.1833 -1323.  0.0824   0.8168 0.553E-01  0.0634  3   0.69E+04   0.53E+22
  -2008. -2457. -2885.  220.  0.14E-06  -2864.   0.1923   0.1818 -1297.  0.0814   0.8155 0.547E-01  0.0629  3   0.49E+04   0.15E+22
  -1976. -2421. -2853.  225.  0.17E-06  -2827.   0.1910   0.1803 -1270.  0.0803   0.8142 0.542E-01  0.0623  3   0.35E+04   0.45E+21
  -1943. -2386. -2818.  230.  0.21E-06  -2791.   0.1896   0.1788 -1244.  0.0795   0.8128 0.536E-01  0.0617  3   0.26E+04   0.13E+21
  -1911. -2350. -2778.  235.  0.25E-06  -2755.   0.1882   0.1772 -1218.  0.0784   0.8114 0.530E-01  0.0610  3   0.19E+04   0.42E+20
  -1879. -2315. -2741.  240.  0.30E-06  -2718.   0.1868   0.1757 -1192.  0.0775   0.8100 0.525E-01  0.0603  3   0.14E+04   0.13E+20
  -1847. -2280. -2707.  245.  0.36E-06  -2682.   0.1854   0.1742 -1165.  0.0764   0.8085 0.519E-01  0.0594  4   0.10E+04   0.44E+19
  -1815. -2244. -2668.  250.  0.43E-06  -2646.   0.1840   0.1726 -1139.  0.0755   0.8070 0.513E-01  0.0588  3   0.79E+03   0.15E+19
  -1784. -2209. -2632.  255.  0.51E-06  -2609.   0.1826   0.1710 -1113.  0.0746   0.8055 0.508E-01  0.0578  4   0.60E+03   0.50E+18
  -1752. -2174. -2597.  260.  0.60E-06  -2573.   0.1811   0.1695 -1087.  0.0737   0.8040 0.503E-01  0.0570  4   0.46E+03   0.18E+18
  -1720. -2139. -2565.  265.  0.71E-06  -2537.   0.1797   0.1679 -1061.  0.0727   0.8024 0.497E-01  0.0561  4   0.36E+03   0.63E+17
  -1689. -2104. -2523.  270.  0.84E-06  -2500.   0.1783   0.1663 -1034.  0.0712   0.8008 0.491E-01  0.0552  4   0.28E+03   0.23E+17
  -1657. -2069. -2486.  275.  0.98E-06  -2464.   0.1768   0.1647 -1008.  0.0707   0.7992 0.486E-01  0.0544  4   0.22E+03   0.89E+16
  -1626. -2034. -2451.  280.  0.11E-05  -2428.   0.1753   0.1631  -982.  0.0701   0.7975 0.480E-01  0.0535  4   0.18E+03   0.34E+16
  -1595. -2000. -2418.  285.  0.13E-05  -2391.   0.1739   0.1614  -956.  0.0692   0.7958 0.474E-01  0.0526  4   0.14E+03   0.13E+16
  -1564. -1965. -2377.  290.  0.16E-05  -2355.   0.1724   0.1598  -930.  0.0685   0.7941 0.469E-01  0.0518  4   0.12E+03   0.53E+15
  -1533. -1930. -2340.  295.  0.18E-05  -2319.   0.1709   0.1582  -903.  0.0677   0.7923 0.464E-01  0.0511  3   0.95E+02   0.22E+15
  -1502. -1896. -2304.  300.  0.21E-05  -2282.   0.1694   0.1565  -877.  0.0669   0.7904 0.458E-01  0.0501  4   0.78E+02   0.91E+14
  -1471. -1861. -2269.  305.  0.24E-05  -2246.   0.1679   0.1548  -851.  0.0660   0.7886 0.452E-01  0.0494  3   0.64E+02   0.38E+14
  -1441. -1827. -2231.  310.  0.28E-05  -2210.   0.1664   0.1531  -825.  0.0650   0.7867 0.447E-01  0.0485  4   0.54E+02   0.17E+14
  -1410. -1793. -2194.  315.  0.32E-05  -2173.   0.1649   0.1514  -798.  0.0641   0.7847 0.441E-01  0.0478  3   0.45E+02   0.73E+13
  -1379. -1758. -2158.  320.  0.37E-05  -2137.   0.1634   0.1497  -772.  0.0630   0.7827 0.435E-01  0.0470  3   0.38E+02   0.33E+13
  -1349. -1724. -2123.  325.  0.42E-05  -2101.   0.1618   0.1480  -746.  0.0618   0.7806 0.430E-01  0.0463  3   0.33E+02   0.15E+13
  -1319. -1690. -2085.  330.  0.48E-05  -2064.   0.1602   0.1462  -720.  0.0609   0.7785 0.425E-01  0.0455  3   0.28E+02   0.69E+12
  -1289. -1656. -2049.  335.  0.55E-05  -2028.   0.1587   0.1445  -693.  0.0599   0.7763 0.419E-01  0.0447  3   0.24E+02   0.33E+12
  -1259. -1622. -2012.  340.  0.62E-05  -1992.   0.1571   0.1427  -667.  0.0588   0.7741 0.413E-01  0.0440  3   0.21E+02   0.16E+12
  -1229. -1588. -1976.  345.  0.70E-05  -1956.   0.1555   0.1409  -640.  0.0578   0.7718 0.408E-01  0.0432  3   0.18E+02   0.76E+11
  -1199. -1555. -1939.  350.  0.79E-05  -1919.   0.1539   0.1391  -614.  0.0567   0.7695 0.402E-01  0.0425  3   0.16E+02   0.37E+11
  -1169. -1521. -1903.  355.  0.90E-05  -1883.   0.1523   0.1373  -588.  0.0557   0.7670 0.397E-01  0.0417  3   0.14E+02   0.19E+11
  -1140. -1488. -1866.  360.  0.10E-04  -1847.   0.1507   0.1354  -561.  0.0547   0.7645 0.391E-01  0.0410  3   0.13E+02   0.95E+10
  -1110. -1454. -1831.  365.  0.11E-04  -1811.   0.1490   0.1336  -535.  0.0538   0.7620 0.385E-01  0.0402  3   0.12E+02   0.49E+10
  -1081. -1421. -1793.  370.  0.13E-04  -1774.   0.1474   0.1317  -508.  0.0528   0.7593 0.380E-01  0.0395  3   0.11E+02   0.26E+10
  -1052. -1387. -1758.  375.  0.14E-04  -1738.   0.1457   0.1298  -482.  0.0519   0.7566 0.374E-01  0.0387  3   0.96E+01   0.14E+10
  -1023. -1354. -1720.  380.  0.16E-04  -1702.   0.1440   0.1278  -455.  0.0510   0.7537 0.368E-01  0.0379  3   0.88E+01   0.73E+09
   -994. -1321. -1686.  385.  0.18E-04  -1666.   0.1423   0.1259  -429.  0.0501   0.7508 0.000E+00  0.0371  3   0.81E+01   0.40E+09
   -965. -1288. -1648.  390.  0.20E-04  -1629.   0.1406   0.1239  -402.  0.0492   0.7478 0.000E+00  0.0363  3   0.75E+01   0.22E+09
   -937. -1255. -1611.  395.  0.22E-04  -1593.   0.1389   0.1220  -376.  0.0484   0.7447 0.000E+00  0.0355  3   0.70E+01   0.12E+09
   -908. -1223. -1575.  400.  0.25E-04  -1557.   0.1371   0.1199  -349.  0.0477   0.7414 0.000E+00  0.0347  3   0.66E+01   0.70E+08
   -884. -1194. -1549.  405.  0.27E-04  -1525.   0.1356   0.1181  -327.  0.0470   0.7385 0.000E+00  0.0340  3   0.60E+01   0.39E+08
   -861. -1168. -1515.  410.  0.30E-04  -1497.   0.1341   0.1165  -308.  0.0464   0.7356 0.000E+00  0.0334  3   0.57E+01   0.23E+08
   -838. -1142. -1485.  415.  0.33E-04  -1468.   0.1326   0.1148  -288.  0.0458   0.7327 0.000E+00  0.0328  3   0.53E+01   0.13E+08
   -816. -1116. -1457.  420.  0.37E-04  -1439.   0.1311   0.1130  -269.  0.0452   0.7296 0.000E+00  0.0322  3   0.50E+01   0.77E+07
   -794. -1090. -1427.  425.  0.41E-04  -1410.   0.1296   0.1113  -249.  0.0446   0.7265 0.000E+00  0.0316  3   0.47E+01   0.46E+07
   -771. -1064. -1402.  430.  0.45E-04  -1381.   0.1281   0.1096  -230.  0.0440   0.7233 0.000E+00  0.0310  3   0.44E+01   0.27E+07
   -749. -1039. -1370.  435.  0.49E-04  -1353.   0.1266   0.1078  -211.  0.0434   0.7200 0.000E+00  0.0304  3   0.43E+01   0.16E+07
   -727. -1013. -1340.  440.  0.54E-04  -1324.   0.1250   0.1060  -191.  0.0428   0.7166 0.000E+00  0.0299  3   0.41E+01   0.10E+07
   -706.  -988. -1312.  445.  0.59E-04  -1295.   0.1235   0.1042  -172.  0.0422   0.7131 0.000E+00  0.0293  3   0.40E+01   0.62E+06
   -684.  -962. -1283.  450.  0.65E-04  -1266.   0.1219   0.1024  -152.  0.0416   0.7094 0.000E+00  0.0288  3   0.38E+01   0.39E+06
   -662.  -937. -1258.  455.  0.70E-04  -1238.   0.1204   0.1006  -133.  0.0409   0.7057 0.000E+00  0.0282  3   0.37E+01   0.24E+06
   -641.  -912. -1225.  460.  0.77E-04  -1209.   0.1188   0.0988  -114.  0.0403   0.7018 0.000E+00  0.0277  3   0.36E+01   0.16E+06
   -620.  -887. -1196.  465.  0.84E-04  -1180.   0.1172   0.0969   -94.  0.0396   0.6977 0.000E+00  0.0271  3   0.36E+01   0.10E+06
   -599.  -862. -1176.  470.  0.91E-04  -1151.   0.1156   0.0950   -75.  0.0390   0.6935 0.000E+00  0.0265  3   0.34E+01   0.64E+05
   -578.  -837. -1141.  475.  0.99E-04  -1123.   0.1140   0.0931   -56.  0.0381   0.6892 0.000E+00  0.0259  3   0.35E+01   0.43E+05
   -557.  -812. -1110.  480.  0.11E-03  -1094.   0.1124   0.0912   -36.  0.0376   0.6847 0.000E+00  0.0254  3   0.35E+01   0.29E+05
   -536.  -787. -1080.  485.  0.12E-03  -1065.   0.1107   0.0893   -17.  0.0369   0.6801 0.000E+00  0.0249  3   0.36E+01   0.19E+05
   -516.  -763. -1051.  490.  0.13E-03  -1037.   0.1091   0.0873     2.  0.0362   0.6752 0.000E+00  0.0244  3   0.36E+01   0.13E+05
   -495.  -738. -1022.  495.  0.14E-03  -1008.   0.1074   0.0853     0.  0.0356   0.6702 0.000E+00  0.0238  3   0.37E+01   0.90E+04
   -475.  -714.  -998.  500.  0.15E-03   -979.   0.1057   0.0833     0.  0.0349   0.6649 0.000E+00  0.0233  3   0.37E+01   0.61E+04
   -455.  -690.  -966.  505.  0.16E-03   -950.   0.1040   0.0813     0.  0.0343   0.6595 0.000E+00  0.0227  3   0.39E+01   0.43E+04
   -436.  -665.  -936.  510.  0.17E-03   -922.   0.1023   0.0793     0.  0.0336   0.6537 0.000E+00  0.0221  3   0.41E+01   0.31E+04
   -416.  -641.  -907.  515.  0.19E-03   -893.   0.1006   0.0772     0.  0.0330   0.6478 0.000E+00  0.0216  3   0.43E+01   0.22E+04
   -397.  -618.  -879.  520.  0.20E-03   -864.   0.0989   0.0751     0.  0.0324   0.6416 0.000E+00  0.0210  3   0.45E+01   0.16E+04
   -378.  -594.  -856.  525.  0.22E-03   -836.   0.0971   0.0730     0.  0.0318   0.6351 0.000E+00  0.0204  3   0.47E+01   0.11E+04
   -359.  -570.  -821.  530.  0.23E-03   -807.   0.0953   0.0708     0.  0.0312   0.6283 0.000E+00  0.0198  3   0.52E+01   0.86E+03
   -340.  -547.  -792.  535.  0.25E-03   -778.   0.0936   0.0687     0.  0.0306   0.6212 0.000E+00  0.0192  3   0.56E+01   0.64E+03
   -322.  -524.  -764.  540.  0.27E-03   -750.   0.0917   0.0665     0.  0.0300   0.6137 0.000E+00  0.0186  3   0.60E+01   0.48E+03
   -304.  -500.  -737.  545.  0.29E-03   -721.   0.0899   0.0642     0.  0.0293   0.6058 0.000E+00  0.0179  3   0.66E+01   0.37E+03
   -286.  -478.  -712.  550.  0.31E-03   -693.   0.0881   0.0620     0.  0.0287   0.5975 0.000E+00  0.0173  3   0.71E+01   0.28E+03
   -268.  -455.  -677.  555.  0.33E-03   -664.   0.0862   0.0597     0.  0.0281   0.5888 0.000E+00  0.0167  3   0.84E+01   0.23E+03
   -251.  -432.  -648.  560.  0.36E-03   -635.   0.0844   0.0573     0.  0.0275   0.5795 0.000E+00  0.0160  3   0.95E+01   0.18E+03
   -234.  -410.  -619.  565.  0.38E-03   -607.   0.0825   0.0550     0.  0.0270   0.5698 0.000E+00  0.0153  3   0.11E+02   0.14E+03
   -217.  -387.  -590.  570.  0.41E-03   -578.   0.0805   0.0526     0.  0.0264   0.5595 0.000E+00  0.0147  3   0.13E+02   0.12E+03
   -201.  -365.  -562.  575.  0.43E-03   -550.   0.0786   0.0501     0.  0.0258   0.5485 0.000E+00  0.0140  3   0.15E+02   0.97E+02
   -185.  -344.  -533.  580.  0.46E-03   -521.   0.0766   0.0477     0.  0.0252   0.5369 0.000E+00  0.0133  3   0.18E+02   0.81E+02
   -169.  -322.  -505.  585.  0.49E-03   -492.   0.0747   0.0452     0.  0.0245   0.5244 0.000E+00  0.0126  3   0.21E+02   0.69E+02
   -154.  -301.  -476.  590.  0.52E-03   -464.   0.0727   0.0426     0.  0.0239   0.5112 0.000E+00  0.0119  3   0.26E+02   0.60E+02
   -139.  -279.  -448.  595.  0.56E-03   -435.   0.0706   0.0400     0.  0.0233   0.4970 0.000E+00  0.0112  3   0.33E+02   0.53E+02
   -125.  -259.  -420.  600.  0.59E-03   -407.   0.0686   0.0374     0.  0.0226   0.4818 0.000E+00  0.0104  3   0.42E+02   0.48E+02
   -111.  -238.  -392.  605.  0.63E-03   -378.   0.0665   0.0347     0.  0.0220   0.4655 0.000E+00  0.0097  3   0.55E+02   0.44E+02
    -98.  -218.  -365.  610.  0.67E-03   -350.   0.0644   0.0319     0.  0.0213   0.4478 0.000E+00  0.0089  3   0.74E+02   0.41E+02
    -85.  -198.  -337.  615.  0.71E-03   -321.   0.0623   0.0291     0.  0.0207   0.4287 0.000E+00  0.0082  3   0.10E+03   0.40E+02
    -73.  -178.  -310.  620.  0.75E-03   -293.   0.0601   0.0263     0.  0.0200   0.4080 0.000E+00  0.0074  3   0.14E+03   0.39E+02
    -61.  -159.  -284.  625.  0.80E-03   -264.   0.0579   0.0234     0.  0.0193   0.3854 0.000E+00  0.0064  4   0.21E+03   0.40E+02
    -50.  -140.  -247.  630.  0.84E-03   -236.   0.0557   0.0204     0.  0.0186   0.3606 0.000E+00  0.0057  3   0.39E+03   0.50E+02
    -40.  -121.  -218.  635.  0.89E-03   -208.   0.0535   0.0173     0.  0.0179   0.3334 0.000E+00  0.0048  4   0.67E+03   0.59E+02
    -31.  -103.  -190.  640.  0.94E-03   -179.   0.0512   0.0142     0.  0.0170   0.3034 0.000E+00  0.0041  3   0.13E+04   0.74E+02
    -54.  -146.  -261.  645.  0.99E-03   -247.   0.0563   0.0218     0.  0.0191   0.3671 0.000E+00  0.0059  4   0.24E+03   0.15E+02
    -46.  -132.  -237.  650.  0.10E-02   -225.   0.0546   0.0195     0.  0.0190   0.3468 0.000E+00  0.0057  2   0.37E+03   0.16E+02
    -38.  -117.  -214.  655.  0.11E-02   -202.   0.0527   0.0171     0.  0.0184   0.3238 0.350E-01  0.0051  3   0.58E+03   0.18E+02
    -31.  -102.  -191.  660.  0.12E-02   -179.   0.0510   0.0147     0.  0.0178   0.2997 0.374E-01  0.0044  3   0.94E+03   0.20E+02
    -24.   -89.  -170.  665.  0.12E-02   -157.   0.0492   0.0123     0.  0.0173   0.2742 0.100E+12  0.0038  3   0.16E+04   0.24E+02
    -19.   -76.  -149.  670.  0.13E-02   -136.   0.0475   0.0100     0.  0.0167   0.2475 0.100E+12  0.0031  3   0.30E+04   0.30E+02
    -14.   -64.  -128.  675.  0.14E-02   -116.   0.0458   0.0078     0.  0.0162   0.2193 0.100E+12  0.0025  3   0.58E+04   0.40E+02
    -10.   -52.  -109.  680.  0.14E-02    -96.   0.0441   0.0055     0.  0.0157   0.1897 0.100E+12  0.0019  3   0.13E+05   0.58E+02
     -6.   -41.   -90.  685.  0.15E-02    -76.   0.0425   0.0033     0.  0.0152   0.1584 0.100E+12  0.0012  3   0.31E+05   0.93E+02
     -4.   -30.   -71.  690.  0.16E-02    -58.   0.0410   0.0012     0.  0.0147   0.1254 0.100E+12  0.0006  3   0.93E+05   0.17E+03
    
